,BBLID,Session,sex,age,race,ethnic,dateDiff,SomMot,avgCEST_SomMot,ctCEST_SomMot,tap_tot,hstatus
1,120217,10702,2.0,24.77,1.0,2.0,8.0,0.4142948288671803,7.527921,903.0,115.3333,PSY
4,132179,10780,2.0,21.81,2.0,2.0,0.0,0.3982397410998551,6.071592,489.0,112.0,PSY
8,116019,10078,2.0,25.72,2.0,1.0,0.0,0.5532801077042032,8.048849,506.0,103.3333,PSY
10,96902,11870,2.0,20.76,1.0,1.0,6.0,0.6691689000263149,9.536141,657.0,115.0,HC
11,118864,11724,2.0,19.77,2.0,1.0,18.0,0.39664404953590643,6.629677,712.0,115.6667,HC
16,125073,11756,2.0,26.21,2.0,2.0,26.0,0.5556448727523755,7.416396,361.0,99.66667,PSY
19,93292,10306,2.0,25.32,2.0,2.0,0.0,0.44564355070705636,7.416647,563.0,105.3333,PSY
21,90281,10147,2.0,22.89,1.0,2.0,52.0,0.43674710475666606,7.336883,543.0,97.0,HC
23,93274,10785,2.0,24.64,5.0,2.0,11.0,0.5175079516716201,8.874376,707.0,116.3333,PSY
26,106880,10302,1.0,22.62,2.0,2.0,0.0,0.677187153150988,7.077155,499.0,92.66666,HC
27,94288,11948,1.0,22.68,1.0,2.0,56.0,0.5016034725182386,8.079727,687.0,103.3333,HC
28,90077,10627,2.0,21.34,1.0,2.0,0.0,0.6868724635500781,7.627305,718.0,93.33333,PSY
34,20303,12276,1.0,19.22,1.0,2.0,17.0,0.6129041045183798,8.45507,859.0,118.0,HC
36,106057,7955,2.0,20.12,1.0,2.0,5.0,0.4980258539428619,7.866533,457.0,120.0,PSY
39,19970,10801,1.0,23.75,2.0,2.0,0.0,0.4404729749319233,6.628796,813.0,112.0,PSY
44,85743,10974,2.0,23.12,1.0,2.0,2.0,0.5972164176029539,9.510926,594.0,113.3333,HC
47,20792,motive2,1.0,23.74,1.0,2.0,71.0,0.5704253675897984,6.544901,839.0,101.0,PSY
51,93734,10092,1.0,24.59,5.0,2.0,0.0,0.5159642608819865,8.707396,769.0,102.6667,HC
52,132641,8997,2.0,23.73,2.0,2.0,0.0,0.5764584907587463,7.681239,720.0,96.33333,PSY
53,88608,motive2,1.0,25.36,2.0,2.0,1.0,0.6032136907503586,7.964384,680.0,110.0,PSY
55,97994,10896,1.0,19.07,1.0,2.0,0.0,0.35006419748255585,7.400841,668.0,101.6667,HC
57,92211,10435,2.0,24.41,2.0,2.0,9.0,0.41049569499853933,5.995384,631.0,99.66667,PSY
58,91962,motive1,2.0,20.06,2.0,2.0,0.0,0.6122373349105644,7.071848,652.0,97.33333,PSY
59,91422,motive1,1.0,25.7,2.0,2.0,20.0,0.4164912342191351,7.674834,658.0,115.3333,HC
60,94276,10957,1.0,19.39,2.0,2.0,0.0,0.4750022516155008,6.79065,340.0,97.0,PSY
61,112126,motive1,2.0,21.83,2.0,2.0,0.0,0.584579482010308,8.525817,548.0,104.6667,HC
62,111720,11689,1.0,22.38,1.0,2.0,15.0,0.5273763355788783,7.165224,841.0,105.3333,HC
66,90217,12064,2.0,24.99,1.0,2.0,48.0,0.5107516076985945,7.835644,528.0,102.0,PSY
